spawns:
  default:
    world: 65cb77e9-5006-4c46-ae55-a4064baaa664
    world-name: world_the_end
    x: 0.5
    y: 63.0
    z: 0.5
    yaw: -0.15130615234375
    pitch: 4.200188636779785
